RK . 1111 1111111111.

1111111 111 1111111 1111111111111111111111111111 111111, 1111111111 1111111111 111-111111 11 1111111111 11 nm

1111 11111111111111111111 1111111111111011111111111 1111111111 1111111111 11 1111111 1111111.
b O 1111111111111 1111111011.11111111111111111111111111111111111111111;11113ῗ111111ξ111111111111ἳῗ1111ξ

11 1111 1111111111111. 1111111111 111 111111111111111111111111111111 111, 11 11111111111111 111 en 1111111
11111111111 11111111111111111111111111 : 1111111111111 11111111111111111’1111111111111’111111 prudente

Μ, 1111111111111111111111111111111111.111111111111111111111111111111111131111111 111 1111111111
1111111111 11111 1100 11111111 11·1·. Le 11111 111111 111111 11111111 1111111, 111111 11 y 1111111101,

11111111. 0111111111.11111111111111111111111111111111 1111 1111111 11 11111, 11 11 1113111 111 1116111111.

. 1111111111 11111111, 111111111111 1111 1111111111, 1111111111 1111111111111111 111111111111. 0111111111 ι 1111
1111111111 11 11111111 11111111,1111111111111111111111111111111111111, 1 1111111 1111111 111 111 affirm}

1, , 1111111 1111 111111111111111 1111111111. 1111111111 1111111111 1111 111 01111111, 111, 1111 11 1111111, 111111

111 111 11111111111 11 010111111111111111111 11 1111 1111 1111111 111111 11 1111 tons 11111111, 11 1111111111,

111111111111 1111111111111111111 11111111 11111ΙΙ 111111111111111111111111111 11 1111, 11 1111111111
111111 1111111111 111111 1111-111111, rr 11 111111111111111111111 11111111.
1111111111ιί 111, 11111111111111, 1111111111111 1111 111 11111111 1111111111111111111111 mum 1,
11111111111111111111111111111111111111111111111111111111 *⁰³⁰³*
1111111 1111 1111111111 1111111 11111 ¹nai 111111111111111111111111·11111111111111,01ῗ1[1111111ῃ181 {snm}
Publicanum, 1111111111111111111111111111 1111.11111,1111111111111111111υέ1,1111111111.. ,
111111 1111111 1111111111 11111, 11111111111111111111111,11111111 11 1111, 1111111111 11 1111 1111311511ξὲ
11111111111111111111 111111,1111111111111111111111111 11111111111 11111111. 01111 1 111111111111, 11 111
11 11111111111111111111111111111 11111111111111611111111111111111111111111111. 1111111111 11 11111111
1111111111, 1 111111111111 11111111 111111 111111111111111111 1111111111 111111111111 11111 1111 1111111
111111 111113111111111, 11 1111111111, meme 1111111 1111111111 11111111, 111 11 11 1111111111 dou} 11111111
11 1111111111111111111111111111111111111111111111 111111111 nen 11 111111111111 1111111.
1111111111111111 0111111111 11 1111111111 111 111111111111111111111111. 11111111111111111111111111111111
111111111111111 11111111111111111111111 111111111111 1111111111111, 11 1111111111 11111111111 11 11111 111
1111 1111111 111111 11111111111111 mor. 01111111111111 1111111111 1111111111111 111111111111111111. 01 111
qn 1111111 11 11 11111111111111, 11111111111111111111111111 11111111. 01 1111 1111111111 11 111111, 1111111-
111111111111 11 1111111. 011111111111111 111111, 11 1111111111111111111 111111. 01111111111111111111111·
11111111 111111, 11 11111111111111 111111111111. 111 111111111111111111111111 11111111· 11 1111111111 111111
11111111111111111111111111111111111111111111111
11111,111111.1111’111111111111111,111111111111111111111111111
'“nnn'n‘n‘’nnn'n‘n‘nnn&nnn'n''finn:z':'n⁰„n:‘}nnnnf'32⁸0⁹555:an
1111111111111111111 nnnn‘rnnnnnnnnnz'nnnn?nnnnnnnnnnnnn: ,
1111111 1111111111111,1111·1111111 11 111111 111111111111111111111161111111111111111111111 1111111111111111.
111111 11111111111111111 1111111111 Ι11111111 1111111111111 111111111111111111111 11111 11 sirmond. 011 111
11111111, 11 11111, 1 111111111111111 1111111111 11111 11111111 1111 1111111111 1111111111 1111 1111111111111, 11 11
ωῧῖξίῗιὲἓὲῖιὲῃῶοὲξιῖῃῖξῆιξῗῶἕρῖἑξνῗῶῗὲἓξῧοᾱααὲιῗὲἷὲῗὲξῗω 111 11 11 111111 111111111111 11 111011
,11111111111111111111111111111111111111111
111’ἑ’1·111111111“11“11111111111ὲὶ,111111111111111111112111111’11111Ϋ“”’“’1·”’
11111111111111111111111111111111111111111
4111,1111111111,111111111111111,11111.1111111111111111111111
spu 1111111111 111111111101111,,1111111 ns 1,·11 113111111111111111111111 11111111111111111ἷ
1111111, 1111111111111111111111111111111 11111 emur npogmpnlqne, 111111111111 ο1111111 111 1111 1111111
111111 11111111111111111111111111111111,1111111111 ο11ς11111111111111 111111111111111111111111111111,
11, 1111 1111111 11111111111111111111111111111111ξ 1111 ,ὁ 111111ιὲ1111ᾶ11111111111111111111 111 111111 11 11
1111111111111111111111.1111111.,11,111111111
11111 1111111111 1111111111
111111111111111111111111111111 11111111.. 111111 111111 11 111 11111111, an 11111 1 1111111 {lm 1111111111 1111 111111,
1111111,111111111111111111111111111111111111111
1111111111111111111111111111111 1111111111
⁸ = ⁹ 1 1 ' 1 ' ι
11111111111111111111111111111111111111111111
’1’1111113211111111111’111111111111111111ὲὲ13113ἕέ1111111111111111111
1111111111111111111111 nole. En 11111111111, 1111 1111111111111111111111 ,11111111 0111111111 sous 11 1111111
11 11 1111111111, 11 11[111111111111111111111111111111111 1111 111-11111 11111. 11111111111111111111111111111
111111111111111111 11111111 111111 1111111111111111 11111 11111111. 011111111111111111· 11 1111111111111
1111111111111 111111111,111111111’11 1111111111111111111111111111 11ς 11111 1111, 11 1111113111 11 1111111111,
1,111111111111111111111111111111,·111111111111111111ω
111111111111 1111111111 dr 1111111 1111 111 nn 111 111 1111111111 1111111111 : 11111, none 11111111 1 111 111
11111111 111 §runnu 1111111111 11 1111111,11 1111111111, 11 1111111111 11 11 111111, 111 111 111111 1111111 111111.
11 0111111111 11111, 1 81111 1111111111 11111, 1111111111111 rennuente 11 11111111, 11 1111111 111111111111111111
11111 11 01111111,111 1111111111,11111111111111111111111 01111. 1111111111 11111111 1111111111111 1111
111111111111111111113113 1111111311Ἓῆ 1111111111 1111111311ᾙῖ
1111111111 1111111111, 1111111 11111111 11111 1111,1111 111111 1111111111 11 none 1111111111, 11 1111111111 1111111111,
’1 111 11111111 11111111 111 11111111, 111 1111111 11111111111111111111111, 1111111111111111111111111111
111111111111111111111111111111111111111111111111·111
rlegrornq3 1111Ι qnstorr0 311, miens zm ς10111ι 'Im om Ι11181ἕ11ἒτε1ὧξη11111100111111111111 correcte 11111111111111.11 ·
-1111 1 111 1 .

 

